
%%--- obj 11641 ---
/Figure <</MCID 0 >>BDC 
q
0 0 595.275 841.89 re
W n
q
/GS0 gs
597.3381807 0 0 843.9845108 -1.0606711 -1.0632703 cm
/Im0 Do
Q
EMC 
/Artifact <</BBox [42.3394 707.4447 83.7751 748.0048 ]/O /Layout >>BDC 
Q
q
0 0 595.276 841.89 re
W n
0 0 0 1 k
/GS1 gs
q 1 0 0 1 81.9223 731.1166 cm
0 0 m
-4.019 -23.422 l
-14.357 -23.403 l
-10.301 0.233 l
-9.463 5.119 -11.328 7.998 -15.977 8.006 c
-18.752 8.011 -21.411 7.08 -24.039 5.505 c
-28.995 -23.378 l
-39.333 -23.359 l
-33.503 10.626 l
-27.469 14.639 -20.603 16.638 -13.526 16.626 c
-1.664 16.604 1.603 9.341 0 0 c
f
Q
EMC 
/Artifact <</BBox [83.085 706.7427 118.3427 747.9434 ]/O /Layout >>BDC 
q 1 0 0 1 117.514 745.2119 cm
0 0 m
-1.407 -8.19 l
-5.388 -6.314 -8.292 -5.448 -12.385 -5.44 c
-16.618 -5.433 -19.097 -6.938 -19.516 -9.381 c
-20.476 -14.985 0.579 -10.783 -1.764 -24.433 c
-3.058 -31.975 -8.849 -38.219 -21.475 -38.196 c
-27.095 -38.185 -31.795 -36.453 -34.179 -34.579 c
-32.688 -25.887 l
-28.671 -28.769 -23.613 -30.431 -19.173 -30.439 c
-14.594 -30.446 -12.294 -28.367 -11.85 -25.781 c
-10.851 -19.96 -31.981 -24.594 -29.589 -10.656 c
-28.319 -3.255 -21.367 2.481 -11.029 2.464 c
-6.173 2.454 -2.977 1.658 0 0 c
f
Q
EMC 
/Artifact <</BBox [117.8938 707.3552 139.4568 765.0605 ]/O /Layout >>BDC 
q 1 0 0 1 130.6859 750.7941 cm
0 0 m
-3.745 0.007 -6.061 3.101 -5.395 6.981 c
-4.731 10.861 -1.343 14.016 2.405 14.01 c
6.081 14.004 8.521 10.837 7.856 6.956 c
7.19 3.076 3.678 -0.006 0 0 c
-2.206 -43.189 m
-12.542 -43.171 l
-6.057 -5.379 l
4.278 -5.397 l
h
f
Q
EMC 
/Artifact <</BBox [134.1282 706.6516 180.2267 763.6946 ]/O /Layout >>BDC 
q 1 0 0 1 161.6879 717.1039 cm
0 0 m
3.427 19.973 l
1.731 21.415 -0.341 22.281 -3.046 22.285 c
-8.944 22.295 -13.033 18.278 -14.489 9.8 c
-15.819 2.041 -13.049 -1.63 -7.222 -1.64 c
-4.447 -1.645 -2.291 -1.218 0 0 c
4.808 28.021 m
7.95 46.341 l
18.289 46.323 l
9.623 -4.185 l
4.856 -7.698 -1.473 -10.202 -8.549 -10.189 c
-20.482 -10.168 -27.31 -3.04 -25.09 9.89 c
-22.946 22.393 -14.337 30.498 -3.514 30.478 c
-0.601 30.473 2.259 29.75 4.808 28.021 c
f
Q
EMC 
/Artifact <</BBox [175.5039 706.5794 216.5342 747.778 ]/O /Layout >>BDC 
q 1 0 0 1 188.7942 731.5014 cm
0 0 m
17.136 -0.029 l
17.613 5.575 15.041 8.382 10.393 8.39 c
5.468 8.399 1.788 5.962 0 0 c
25.64 -1.842 m
 
%%--- obj 11642 ---
  25.283 -3.926 24.972 -4.932 24.468 -6.655 c
-1.133 -6.61 l
-1.177 -12.934 2.267 -16.318 8.858 -16.329 c
13.645 -16.337 17.046 -15.122 21.281 -12.686 c
19.826 -21.164 l
16.171 -23.457 11.938 -24.672 6.387 -24.662 c
-6.655 -24.639 -13.04 -16.147 -10.809 -3.143 c
-9.009 7.346 -0.302 16.027 11.63 16.006 c
21.412 15.989 27.49 8.934 25.64 -1.842 c
f
Q
EMC 
/Artifact <</BBox [341.1854 707.0267 394.3046 762.5455 ]/O /Layout >>BDC 
q 1 0 0 1 362.1577 730.2532 cm
0 0 m
15.123 -0.028 l
14.721 6.514 13.332 12.982 11.004 19.24 c
10.727 19.24 l
6.325 12.996 2.718 6.535 0 0 c
20.483 32.016 m
28.57 17.268 31.897 -0.562 29.284 -15.793 c
28.051 -22.977 l
13.133 -22.951 l
14.366 -15.766 l
14.6 -14.401 14.777 -12.963 14.956 -11.526 c
-3.708 -11.493 l
-4.092 -12.93 -4.339 -14.367 -4.572 -15.733 c
-5.806 -22.917 l
-20.722 -22.89 l
-19.489 -15.705 l
-16.875 -0.474 -7.436 17.332 5.705 32.042 c
h
f
Q
EMC 
/Artifact <</BBox [394.5567 706.243 444.7752 763.5479 ]/O /Layout >>BDC 
q 1 0 0 1 430.7668 763.2621 cm
0 0 m
5.481 -0.011 10.809 -1.313 13.758 -3.546 c
11.601 -16.119 l
6.653 -13.811 3.389 -13.014 -0.911 -13.006 c
-12.915 -12.986 -16.862 -21.028 -18.119 -28.357 c
-19.377 -35.684 -18.191 -43.736 -6.187 -43.757 c
-1.888 -43.766 1.636 -43.052 7.372 -40.763 c
5.216 -53.337 l
1.503 -55.558 -4.256 -56.769 -9.739 -56.759 c
-30.066 -56.723 -35.96 -43.345 -33.384 -28.33 c
-30.807 -13.313 -20.328 0.036 0 0 c
f
Q
EMC 
/Artifact <</BBox [441.1625 706.9083 466.0088 762.3982 ]/O /Layout >>BDC 
Q
0 0 0 1 k
/GS1 gs
q 1 0 0 1 465.7588 762.1214 cm
0 0 m
-9.431 -54.963 l
-24.346 -54.936 l
-14.917 0.027 l
h
f
Q
EMC 
/Artifact <</BBox [464.402 706.8084 522.4122 762.3563 ]/O /Layout >>BDC 
q
0 0 595.276 841.89 re
W n
q 1 0 0 1 483.4568 739.8828 cm
0 0 m
-0.386 -4.672 -0.848 -8.983 -1.403 -12.215 c
-4.929 -32.763 l
-18.805 -32.739 l
-9.374 22.224 l
3.253 22.201 l
19.024 -0.753 l
19.741 -1.833 20.422 -3.127 20.963 -4.422 c
21.261 -0.254 21.663 3.698 22.18 6.715 c
24.83 22.163 l
38.705 22.138 l
29.275 -32.824 l
18.731 -32.805 l
17.637 -27.845 15.982 -23.747 13.728 -20.292 c
h
f
Q
EMC 
/Artifact <</BBox [519.0627 706.0219 572.8484 763.3248 ]/O /Layout >>BDC 
q 1 0 0 1 569.6588 733.0448 cm
0 0 m
-3.994 -23.279 l
-9.164 -25.497 -18.544 -26.773 -22.846 -26.766 c
 
%%--- obj 11643 ---
  -45.185 -26.725 -50.346 -13.924 -47.768 1.092 c
-45.08 16.755 -33.921 30.03 -11.65 29.99 c
-5.892 29.98 -0.008 28.675 2.94 26.442 c
0.783 13.869 l
-4.165 16.178 -7.429 16.974 -13.881 16.987 c
-25.536 17.007 -30.903 10.404 -32.505 1.064 c
-33.762 -6.264 -32.6 -14.46 -20.598 -14.481 c
-19.28 -14.483 -17.95 -14.413 -16.676 -14.273 c
-14.223 0.027 l
h
f
Q
EMC 
/Artifact <</BBox [22.4272 707.5231 43.5599 762.79 ]/O /Layout >>BDC 
Q
q 1 0 0 1 27.9258 738.38 cm
0 0 m
-5.249 -30.587 l
5.991 -30.607 l
15.384 24.14 l
4.146 24.16 l
3.413 19.885 l
h
f
Q
EMC 
/Artifact <</BBox [290.4834 704.8371 342.4262 763.7179 ]/O /Layout >>BDC 
q
0 0 595.276 841.89 re
W n
q 1 0 0 1 325.4951 744.6162 cm
0 0 m
-0.888 -5.173 -4.879 -7.393 -9.734 -7.384 c
-11.539 -7.381 -13.317 -7.236 -15.016 -7.017 c
-12.758 6.132 l
-11.043 6.417 -9.216 6.557 -7.065 6.553 c
-0.96 6.542 0.592 3.449 0 0 c
-25.738 15.426 m
-19.87 10.672 l
-23.134 0.552 -30.018 -9.518 v
-34.762 -37.165 l
-20.192 -37.192 l
-16.939 -18.224 l
-15.505 -18.37 -14.073 -18.517 -12.546 -18.52 c
-10.21 -23.913 l
-5.187 -35.494 0.711 -39.529 11.79 -37.249 c
13.875 -25.107 l
8.863 -25.6 6.664 -23.441 3.548 -16.536 c
2.689 -14.666 l
9.413 -11.875 13.895 -6.781 15.054 -0.028 c
16.681 9.457 11.417 18.81 -4.958 18.839 c
-12.242 18.852 -16.931 18.213 -25.738 15.426 c
f
Q
EMC 
/Artifact <</BBox [211.8343 697.0739 300.8409 778.2191 ]/O /Layout >>BDC 
q 1 0 0 1 280.6873 728.4298 cm
0 0 m
-0.034 -0.05 -0.164 -0.025 -0.29 0.059 c
-0.414 0.145 -0.489 0.254 -0.454 0.307 c
-0.417 0.36 -0.288 0.335 -0.161 0.249 c
-0.038 0.167 0.036 0.055 0 0 c
-24.007 -29.969 m
-20.499 -23.402 -18.73 -16.532 -19.957 -2.582 c
-20.159 -0.299 -19.766 0.381 -18.272 -1.976 c
-16.859 -4.206 -15.29 -6.062 -14.244 -6.059 c
-13.344 -6.055 -12.877 -4.045 -12.875 -1.615 c
-12.874 1.155 -12.919 1.613 -12.218 -1.612 c
-9.31 -15.029 -16.909 -22.986 -24.007 -29.969 c
2.79 -2.423 m
3.138 -2.924 3.454 -3.244 4.034 -3.464 c
4.612 -3.68 6.027 -3.838 7.132 -3.512 c
5.631 -3.481 3.649 -2.858 3.725 -1.075 c
4.013 -1.886 4.715 -2.431 5.879 -1.907 c
6.397 -1.683 4.463 0.288 5.459 0.463 c
6.465 0.635 7.003 -0.641 7.563 0.036 c
7.808 0.313 6.759 3.172 4.211 1.468 c
3.836 1.216 3.621 0.669 3.579 0.083 c
3.419 0.444 3.337 0.877 3.489 1.26 c
3.791 2.019 3.933 2.372 3.81 2.619 c
 
%%--- obj 11644 ---
  3.599 2.941 3.398 3.115 3.128 3.271 c
3.26 3.76 3.652 4.346 4.264 4.671 c
4.899 5.008 5.7 5.218 6.855 5.21 c
5.71 5.49 4.592 5.411 3.542 5.029 c
1.976 4.346 1.505 3.616 1.219 2.88 c
1.192 2.812 1.187 2.703 1.17 2.587 c
1.536 2.269 1.799 1.701 1.631 1.078 c
1.52 0.666 1.28 0.313 0.932 0.08 c
0.671 -0.102 0.693 0.002 0.829 0.101 c
1.144 0.463 1.212 0.786 1.255 1.137 c
1.297 1.465 1.18 1.759 1.057 1.969 c
1.058 1.886 0.934 1.867 0.822 1.904 c
0.673 1.959 0.616 1.991 0.517 2.094 c
0.438 2.149 0.43 2.271 0.426 2.313 c
0.308 2.296 0.185 2.242 0.077 2.165 c
0.123 2.052 0.123 1.974 0.029 1.861 c
-0.067 1.744 -0.144 1.587 -0.163 1.456 c
-0.182 1.325 -0.24 1.053 -0.24 0.956 c
-0.24 0.886 -0.297 0.832 -0.398 0.82 c
-0.506 0.82 l
-0.556 0.827 -0.619 0.867 -0.681 0.916 c
-1.379 1.285 -2.143 1.75 -2.959 2.298 c
-3.035 2.761 l
-4.27 4.098 l
-3.481 3.502 -2.006 2.271 -1.368 1.927 c
-1.238 1.855 -1.098 1.816 -1.078 1.88 c
-1.057 1.953 -1.135 2.125 -1.213 2.266 c
-3.403 6.132 -5.187 11.984 -5.319 19.22 c
-5.998 18.274 -6.539 15.443 -6.923 12.739 c
-7.029 13.674 -7.051 14.614 -6.874 15.73 c
-6.979 16.379 l
-6.627 17.954 -6.2 19.201 -5.67 20.402 c
-5.607 20.945 -5.879 21.306 -6.229 21.788 c
-6.716 22.463 -7.146 23.17 -7.433 23.966 c
-6.828 23.022 -6.082 22.416 -5.372 22.011 c
-6.753 23.415 -7.24 25.231 -7.43 26.778 c
-5.638 26.103 -3.664 24.778 -2.407 22.937 c
-2.843 22.755 -3.612 22.37 -4.105 21.538 c
-1.648 23.103 -0.521 23.126 2.199 22.937 c
1.484 24.07 0.596 24.817 -0.768 25.36 c
-2.321 25.976 -4.061 26.034 y
-4.457 26.277 -7.238 27.857 -8.635 28.343 c
-8.583 27.077 -8.365 26.05 -8.046 25.207 c
-9.549 25.034 -11.296 24.435 -12.34 24.119 c
-13.809 23.673 -14.61 23.43 -16.613 23.091 c
-16.206 22.592 -15.533 21.984 -14.902 21.593 c
-16.231 21.698 -17.685 21.519 -18.516 21.219 c
-19.504 20.86 -20.505 20.114 -21.472 19.313 c
-20.501 19.073 -19.836 18.758 -19.362 18.399 c
-21.6 18.674 -22.96 18.492 -24.749 18.032 c
-23.632 17.752 -22.935 17.396 -22.288 16.884 c
-20.253 16.753 -18.533 16.9 -16.995 17.202 c
-16.724 17.904 -15.463 17.898 -14.288 17.541 c
-13.692 17.359 -13.322 17.161 -12.986 16.396 c
-12.469 15.216 -12.903 13.842 -13.383 13.475 c
-12.915 12.805 -9.007 8.444 -6.606 5.966 c
-7.314 6.376 -7.75 6.67 -8.494 7.291 c
-9.243 7.302 l
 
%%--- obj 11645 ---
  -11.826 9.541 -13.131 11.007 -14.848 13.232 c
-14.824 13.532 -14.583 13.786 -14.186 13.939 c
-16.524 13.882 -19.507 13.4 -21.817 12.363 c
-29.357 8.946 -35.113 2.159 -36.914 -5.108 c
-37.756 -8.508 -37.526 -12.012 -36.522 -15.824 c
-41.729 -14.882 l
-35.856 -22.549 -29.181 -28.071 -24.361 -31.106 c
-16.506 -25.534 -8.591 -16.678 -3.286 -9.928 c
-3.043 -8.954 l
-4.732 -10.466 -6.596 -11.828 -8.778 -13.085 c
-8.637 -8.734 -9.922 -5.248 -10.485 -3.774 c
-10.726 -3.143 -10.786 -2.841 -10.517 -2.279 c
-9.851 -0.89 -8.645 2.893 -7.836 4.203 c
-7.179 3.53 -5.496 1.831 -3.4 1.017 c
-1.792 0.394 0.126 -1.485 1.197 -2.698 c
1.16 -3.374 1.324 -5.112 2.092 -5.503 c
3.017 -5.972 4.798 -5.322 5.934 -4.935 c
7.233 -4.519 7.801 -4.279 8.425 -3.461 c
7.891 -3.824 7.569 -3.891 6.604 -4.051 c
5.239 -4.278 3.212 -4.42 2.79 -2.423 c
-0.983 14.964 m
-0.722 14.946 -0.516 14.81 -0.52 14.66 c
-0.527 14.514 -0.742 14.407 -1.002 14.426 c
-1.258 14.45 -1.461 14.584 -1.463 14.728 c
-1.454 14.875 -1.241 14.986 -0.983 14.964 c
7.776 15.453 m
7.008 16.835 6.775 17.506 5.285 19.172 c
5.342 19.486 5.381 19.997 5.347 20.341 c
4.857 21.214 3.649 22.004 1.543 21.984 c
-0.559 21.962 -3.142 21.351 -4.963 19.78 c
-4.434 19.93 -4.409 19.896 v
-4.493 14.412 -3.175 7.569 -0.69 2.912 c
-0.615 2.77 -0.494 2.665 -0.434 2.613 c
-0.387 2.429 -0.336 2.295 -0.173 2.227 c
-0.232 2.296 -0.232 2.43 -0.182 2.577 c
-0.028 2.755 0.193 2.859 0.367 2.859 c
0.409 2.859 0.435 3.063 0.472 3.172 c
0.643 3.693 0.93 4.191 1.12 4.481 c
1.702 5.385 2.535 6.017 4.043 6.356 c
3.727 6.492 3.09 6.585 2.848 6.511 c
1.97 8.026 1.004 9.587 -0.144 11.425 c
-0.745 12.383 -0.741 11.344 -0.393 10.335 c
-0.092 9.454 0.276 8.393 0.767 7.277 c
1.384 5.882 0.348 6.587 -0.232 7.163 c
-1.174 8.108 -1.829 9.495 -2.441 10.885 c
-2.515 11.814 -2.768 13.161 -2.757 13.926 c
-2.343 13.279 -1.422 13.094 -0.742 13.077 c
0.01 13.06 0.87 12.351 0.387 13.119 c
0.197 13.421 0.036 13.576 0.109 14.036 c
0.181 14.495 -0.095 15.213 -0.836 15.459 c
-1.575 15.704 -2.254 15.73 -2.752 15.143 c
-2.739 16.95 -3.478 18.428 -3.467 20.104 c
-1.316 21.698 2.162 21.367 y
4.106 18.349 5.045 16.269 5.939 13.545 c
6.83 10.826 7.024 9.418 8.184 6.857 c
8.114 9.058 7.32 12.326 7.1 13.638 c
7.801 14.578 7.913 15.163 7.776 15.453 c
 
%%--- obj 11646 ---
  -43.814 -12.12 m
-45.012 -10.435 -46.006 -9.076 -46.925 -7.58 c
-45.534 -4.563 -43.805 -1.998 -41.559 1.542 c
-38.558 2.091 -35.61 3.992 -33.165 5.504 c
-37.493 2.118 -42.933 -6.039 -43.814 -12.12 c
-38.775 6.027 m
-41.559 1.542 l
-43.528 1.542 -45.602 2.506 -46.47 3.561 c
-46.002 2.213 -44.805 1.298 -43.445 1.073 c
-46.166 0.995 -47.485 0.198 -49.529 -3.334 c
-49.66 -3.09 -49.88 -2.746 -50.009 -2.499 c
-48.581 1.456 -46.865 4.782 y
-46.169 6.057 -44.185 8.134 y
-44.085 7.076 -41.628 4.703 -38.775 6.027 c
5.626 21.024 m
5.758 23.908 5.629 24.635 v
4.354 24.023 3.108 22.771 v
3.106 22.776 2.411 22.844 2.406 22.848 c
2.671 23.253 4.178 25.461 6.225 26.367 c
6.269 26.387 6.311 26.406 6.357 26.424 c
6.373 25.918 6.332 25.132 v
6.274 24.077 6.103 22.525 5.626 21.024 c
12.257 9.917 m
13.967 14.45 15.256 19.211 15.717 24.454 c
12.986 28.591 10.831 30.832 6.376 34.818 c
7.715 34.506 l
12.33 31.37 16.561 28.01 19.904 24.716 c
18.009 19.637 15.66 14.204 12.374 8.687 c
h
-60.966 25.628 m
-59.706 18.654 -56.204 8.991 -51.687 0.569 c
-52.021 -0.593 -52.631 -2.423 -53.064 -4.095 c
-59.544 4.942 -65.353 15.863 -68.603 24.716 c
-60.135 33.207 -42.71 44.388 -24.465 49.539 c
-24.908 49.196 -25.414 48.802 -25.904 48.412 c
-39.282 42.73 -52.983 33.29 -60.966 25.628 c
4.116 43.362 m
4.113 43.368 4.111 43.372 y
4.229 43.389 5.005 43.518 5.908 44.049 c
6.93 44.627 8.023 44.932 v
9.147 45.236 9.884 45.814 v
10.696 45.096 8.191 44.458 v
8.065 44.435 7.863 44.382 v
7.923 44.081 7.997 43.427 7.701 42.877 c
7.646 42.719 7.6 42.623 y
7.423 42.322 7.237 42.097 7.063 41.927 c
5.613 42.097 4.853 42.566 4.467 42.922 c
4.249 43.109 4.157 43.276 4.116 43.362 c
-32.819 11.087 m
-34.037 11.944 -36.717 16.697 -37.321 20.861 c
-35.822 16.769 -34 13.338 -32.206 12.034 c
-31.748 11.701 -29.181 11.715 -26.35 11.914 c
-29.334 11.43 -32.375 10.772 -32.819 11.087 c
-22.288 16.884 m
-24.786 17.186 -26.626 17.227 -28.312 16.844 c
-25.788 16.898 -24.517 16.54 -23.226 15.863 c
-28.394 16.326 -29.286 15.868 -30.401 14.823 c
-30.396 16.115 -28.895 16.785 v
-29.519 19.424 -30.854 23.706 -31.56 27.003 c
-30.17 26.073 -28.211 26.824 -28.627 33.524 c
-26.326 28.13 -26.705 24.802 -29.693 23.747 c
-29.681 22.795 -29.471 21.129 -29.321 20.194 c
-25.128 21.593 -21.149 24.293 -19.777 28.221 c
 
%%--- obj 11649 ---
  -20.862 28.319 -21.886 28.412 v
-22.906 28.503 -23.273 29.275 -23.837 30.737 c
-24.784 33.19 -24.765 33.852 -24.486 37.019 c
-24.373 36.438 -24.128 35.899 -23.862 35.496 c
-23.667 33.928 -23.516 32.845 -23.117 31.788 c
-23 31.479 -22.819 31.248 -22.55 31.03 c
-22.057 30.632 -21.167 30.235 -20.438 30.078 c
-20.35 31.08 l
-20.963 31.223 -21.497 31.619 -21.773 31.751 c
-21.986 31.854 -22.275 31.954 -22.418 32.317 c
-22.606 32.795 -22.911 33.492 -22.99 34.307 c
-22.296 33.615 -21.535 33.15 -20.268 32.788 c
-19.732 33.111 l
-21.085 33.586 -21.99 34.381 y
-20.539 34.01 -18.7 34.231 -17.375 34.505 c
-15.554 36.833 -15.985 40.551 -18.85 42.877 c
-18.717 42.961 -18.629 43.056 -18.607 43.158 c
-15.478 42.585 -13.499 39.283 -13.233 37.767 c
-13.129 36.861 -14.938 35.545 -16.709 34.687 c
-14.236 35.306 -12.11 36.289 -12.284 37.729 c
-11.8 37.784 -11.31 37.496 -10.978 37.119 c
-10.597 36.674 -10.189 35.397 -12.477 34.12 c
-14.766 32.843 -17.297 32.542 -19.627 33.059 c
-19.988 32.156 l
-20.087 31.957 -19.685 31.626 -19.121 31.367 c
-18.521 31.094 -18.023 31.029 -17.414 31.107 c
-16.211 31.261 -15.797 31.897 -15.299 32.119 c
-15.261 31.597 -15.219 30.846 -15.305 30.737 c
-15.439 30.559 -16.005 30.566 -16.118 30.34 c
-16.191 30.208 -16.263 30.006 -16.387 29.735 c
-16.553 29.405 l
-16.599 29.309 -17.134 28.903 -17.197 28.794 c
-17.562 28.17 -17.518 28.113 -16.837 28.554 c
-16.218 28.957 -16.116 28.907 -15.961 29.183 c
-15.797 29.464 -15.365 30.178 -15.296 30.303 c
-15.233 30.432 -14.766 30.313 -14.491 30.458 c
-14.328 30.439 -14.506 31.14 v
-14.944 32.307 l
-13.855 32.874 -9.234 35.168 -8.303 35.392 c
-8.146 35.429 -7.986 35.478 -7.823 35.532 c
-6.908 35.829 -5.929 36.332 -5.634 36.487 c
-5.434 36.595 -3.309 38.444 -2.183 39.428 c
-1.978 39.608 -1.569 39.873 -1.448 39.979 c
-0.321 40.532 0.868 41.023 2.03 41.221 c
4.459 40.624 5.522 41.023 y
4.512 40.87 2.285 42.39 y
1.274 41.946 l
-0.265 41.197 -1.197 40.752 -1.791 40.379 c
-2.851 40.926 -3.958 42.776 -3.094 43.296 c
-2.447 43.687 -8.683 41.382 -9.878 40.335 c
-11.052 39.306 -11.44 38.898 -12.385 38.439 c
-12.979 40.411 -15.263 43.315 -18.692 43.411 c
-18.87 43.58 -19.269 43.681 -19.729 43.651 c
-20.3 43.614 -20.75 43.387 -20.788 43.131 c
-22.093 42.743 -22.702 42.076 -23.301 41.367 c
 
%%--- obj 11650 ---
  -24.065 40.462 -24.509 39.046 -24.58 38.164 c
-28.291 37.992 -34.217 36.189 -38.935 32.07 c
-42.178 29.237 -42.739 26.639 -41.906 23.483 c
-43.805 25.059 -44.743 28.525 -43.375 30.962 c
-44.624 29.889 -45.28 28.88 -45.544 27.893 c
-47.311 26.593 -49.888 24.629 -49.236 20.719 c
-48.821 18.217 -47.12 15.004 -46.099 13.569 c
-45.021 12.056 -43.753 10.147 -43.809 8.431 c
-43.527 8.734 -43.45 9.07 v
-43.108 10.576 -44.079 12.214 -44.612 13.928 c
-46.047 18.668 -45.045 20.856 y
-45.637 20.953 -46.188 21.336 -46.47 21.677 c
-46.362 22.588 -45.614 23.518 -44.601 23.76 c
-44.126 22.264 -43.834 19.757 -41.729 16.599 c
-39.458 13.196 -37.401 10.748 -37.602 8.288 c
-37.319 9.452 -37.039 11.738 -37.522 13.842 c
-37.957 15.733 -38.064 16.196 -38.169 16.907 c
-37.937 16.167 -37.276 15.098 -36.836 13.211 c
-34.802 11.166 -33.093 9.149 -31.645 7.066 c
-30.1 8.594 -25.957 11.407 -21.817 12.363 c
-22.696 13.885 -22.706 16.288 -22.288 16.884 c
f
Q
EMC 
q
0 g
/GS2 gs
0 TL/Fm0 Do
Q
/P <</Lang (en-US)/MCID 1 >>BDC 
Q
BT
1 0.3 0 0.25 k
/GS0 gs
/T1_0 1 Tf
23 0 0 23 49.3105 59.7859 Tm
[(I)10 (nsid)10 (e)]TJ
ET
EMC 
/P <</Lang (en-US)/MCID 2 >>BDC 
BT
0 0 0 1 k
/GS1 gs
/T1_1 1 Tf
0.04 Tc 13 0 0 13 47.3105 40.4835 Tm
[(ENTR)25 (Y DEADLINES)]TJ
ET
EMC 
/P <</Lang (en-US)/MCID 3 >>BDC 
BT
13 0 0 13 237.0614 40.4835 Tm
[(PROGR)25 (AM CHART)]TJ
ET
EMC 
/P <</Lang (en-US)/MCID 4 >>BDC 
BT
13 0 0 13 423.842 40.4835 Tm
[(R)25 (A)45 (CE PROGR)25 (AMS)]TJ
ET
EMC 
/Artifact <</BBox [205.439 29.8307 209.439 61.5362 ]/O /Layout >>BDC 
1 0.3 0 0.25 K
4 w 4 M 
/GS0 gs
q 1 0 0 1 207.439 31.8307 cm
0 0 m
0 27.705 l
S
Q
EMC 
/Artifact <</BBox [391.082 29.8307 395.082 61.5362 ]/O /Layout >>BDC 
q 1 0 0 1 393.082 31.8307 cm
0 0 m
0 27.705 l
S
Q
EMC 
1 0.3 0 0.25 k
0 804.567 595.275 37.323 re
f
q
0 0 595.276 841.89 re
W n
0 0 0 0 K
1 w 
-15.209 804.567 619.154 54.953 re
S
/P <</Lang (en-US)/MCID 5 >>BDC 
Q
BT
0 0 0 0 k
0.03 Tc 16 0 0 16 21.2598 814.316 Tm
[(A)30 (UGUS)25 (T 20)10 (26)]TJ
ET
EMC 
/P <</Lang (en-US)/MCID 6 >>BDC 
BT
/T1_2 1 Tf
0.01 Tc 9 0 0 9 229.5722 817.116 Tm
[(VICT)45 (ORIAN THOROUGHBRED RA)40.9 (CING INDUS)11 (TR)25 (Y OFFICIAL PUBLIC)4 (A)86 (TION)]TJ
ET
EMC 
  